(kicad_pcb (version 20171130) (host pcbnew 5.0.2-bee76a0~70~ubuntu18.04.1)

  (general
    (thickness 1.6)
    (drawings 0)
    (tracks 110)
    (zones 0)
    (modules 148)
    (nets 190)
  )

  (page A4)
  (layers
    (0 F.Cu signal)
    (1 In1.Cu signal)
    (2 In2.Cu signal)
    (31 B.Cu signal)
    (32 B.Adhes user)
    (33 F.Adhes user)
    (34 B.Paste user)
    (35 F.Paste user)
    (36 B.SilkS user hide)
    (37 F.SilkS user hide)
    (38 B.Mask user)
    (39 F.Mask user)
    (40 Dwgs.User user)
    (41 Cmts.User user)
    (42 Eco1.User user)
    (43 Eco2.User user)
    (44 Edge.Cuts user)
    (45 Margin user)
    (46 B.CrtYd user)
    (47 F.CrtYd user)
    (48 B.Fab user)
    (49 F.Fab user)
  )

  (setup
    (last_trace_width 0.25)
    (trace_clearance 0.2)
    (zone_clearance 0.508)
    (zone_45_only no)
    (trace_min 0.2)
    (segment_width 0.2)
    (edge_width 0.15)
    (via_size 0.8)
    (via_drill 0.4)
    (via_min_size 0.4)
    (via_min_drill 0.3)
    (uvia_size 0.3)
    (uvia_drill 0.1)
    (uvias_allowed no)
    (uvia_min_size 0.2)
    (uvia_min_drill 0.1)
    (pcb_text_width 0.3)
    (pcb_text_size 1.5 1.5)
    (mod_edge_width 0.15)
    (mod_text_size 1 1)
    (mod_text_width 0.15)
    (pad_size 1.7 1.7)
    (pad_drill 1)
    (pad_to_mask_clearance 0.051)
    (solder_mask_min_width 0.25)
    (aux_axis_origin 0 0)
    (visible_elements FFFDFF7F)
    (pcbplotparams
      (layerselection 0x010fc_ffffffff)
      (usegerberextensions false)
      (usegerberattributes false)
      (usegerberadvancedattributes false)
      (creategerberjobfile false)
      (excludeedgelayer true)
      (linewidth 0.100000)
      (plotframeref false)
      (viasonmask false)
      (mode 1)
      (useauxorigin false)
      (hpglpennumber 1)
      (hpglpenspeed 20)
      (hpglpendiameter 15.000000)
      (psnegative false)
      (psa4output false)
      (plotreference true)
      (plotvalue true)
      (plotinvisibletext false)
      (padsonsilk false)
      (subtractmaskfromsilk false)
      (outputformat 1)
      (mirror false)
      (drillshape 1)
      (scaleselection 1)
      (outputdirectory ""))
  )

  (net 0 "")
  (net 1 GND)
  (net 2 "Net-(CN16-Pad3)")
  (net 3 "Net-(CN16-Pad1)")
  (net 4 "Net-(CN15-Pad1)")
  (net 5 "Net-(CN15-Pad3)")
  (net 6 "Net-(CN14-Pad1)")
  (net 7 "Net-(CN14-Pad3)")
  (net 8 "Net-(CN11-Pad3)")
  (net 9 "Net-(CN12-Pad3)")
  (net 10 "Net-(CN1-Pad1)")
  (net 11 "Net-(D1-Pad1)")
  (net 12 /I2C_SDA)
  (net 13 "Net-(R15-Pad1)")
  (net 14 /PB11)
  (net 15 VDD)
  (net 16 /PB10)
  (net 17 /I2C_SCL)
  (net 18 /DB_SYNC_1)
  (net 19 /DB_SYNC_0)
  (net 20 /DB_BLUE)
  (net 21 /DB_RED)
  (net 22 /DB_ORANGE)
  (net 23 /DB_GREEN)
  (net 24 "Net-(D4-Pad1)")
  (net 25 /PA2)
  (net 26 /MEM_PWR)
  (net 27 "Net-(C1-Pad1)")
  (net 28 "Net-(D5-Pad1)")
  (net 29 "Net-(D8-Pad1)")
  (net 30 "Net-(CN10-Pad2)")
  (net 31 /PA3)
  (net 32 "Net-(D7-Pad1)")
  (net 33 "Net-(D3-Pad1)")
  (net 34 +5V)
  (net 35 "Net-(D2-Pad2)")
  (net 36 +3V)
  (net 37 /PB13)
  (net 38 /PB15)
  (net 39 /PE13)
  (net 40 /PE12)
  (net 41 /PE10)
  (net 42 /PE11)
  (net 43 /PE9)
  (net 44 /PE8)
  (net 45 /PE6)
  (net 46 /PE7)
  (net 47 /PE5)
  (net 48 /PE4)
  (net 49 /PB8)
  (net 50 /PB9)
  (net 51 /PE3)
  (net 52 /PE2)
  (net 53 /PE0)
  (net 54 /PE1)
  (net 55 /PE15)
  (net 56 /PE14)
  (net 57 /MEM_WP)
  (net 58 /PA8)
  (net 59 /PC8)
  (net 60 /NRST)
  (net 61 /PC1)
  (net 62 /PC0)
  (net 63 /PC3)
  (net 64 /PC2)
  (net 65 /PA1)
  (net 66 /PA0)
  (net 67 /PA5)
  (net 68 /PA4)
  (net 69 /PA7)
  (net 70 /PA6)
  (net 71 /PC5)
  (net 72 /PC4)
  (net 73 /PB1)
  (net 74 /PB0)
  (net 75 /PB2)
  (net 76 /PB12)
  (net 77 /PB14)
  (net 78 /PD8)
  (net 79 /PD9)
  (net 80 /PD10)
  (net 81 /PD11)
  (net 82 "Net-(P1-Pad48)")
  (net 83 /PA9)
  (net 84 /PA13)
  (net 85 /PA10)
  (net 86 /PA15)
  (net 87 /PA14)
  (net 88 /PC11)
  (net 89 /PC10)
  (net 90 /PC12)
  (net 91 /PD2)
  (net 92 /PD4)
  (net 93 /PD3)
  (net 94 /PD6)
  (net 95 /PD5)
  (net 96 /PB3)
  (net 97 /PD7)
  (net 98 /PB5)
  (net 99 /PB4)
  (net 100 /PB7)
  (net 101 /PB6)
  (net 102 /B00T0)
  (net 103 /PC13)
  (net 104 /PC15)
  (net 105 /PC14)
  (net 106 /PH1)
  (net 107 /PH0)
  (net 108 "Net-(CN15-Pad2)")
  (net 109 "Net-(CN15-Pad4)")
  (net 110 "Net-(CN15-Pad8)")
  (net 111 "Net-(CN15-Pad7)")
  (net 112 "Net-(CN15-Pad5)")
  (net 113 "Net-(CN15-Pad6)")
  (net 114 "Net-(CN14-Pad6)")
  (net 115 "Net-(CN14-Pad5)")
  (net 116 "Net-(CN14-Pad7)")
  (net 117 "Net-(CN14-Pad8)")
  (net 118 "Net-(CN14-Pad4)")
  (net 119 "Net-(CN14-Pad2)")
  (net 120 "Net-(CN16-Pad2)")
  (net 121 "Net-(CN16-Pad4)")
  (net 122 "Net-(CN16-Pad8)")
  (net 123 "Net-(CN16-Pad7)")
  (net 124 "Net-(CN16-Pad5)")
  (net 125 "Net-(CN16-Pad6)")
  (net 126 "Net-(CN13-Pad5)")
  (net 127 "Net-(CN13-Pad4)")
  (net 128 "Net-(CN13-Pad3)")
  (net 129 "Net-(CN13-Pad2)")
  (net 130 "Net-(CN12-Pad2)")
  (net 131 "Net-(CN12-Pad4)")
  (net 132 "Net-(CN12-Pad5)")
  (net 133 "Net-(CN11-Pad5)")
  (net 134 "Net-(CN11-Pad4)")
  (net 135 "Net-(CN11-Pad2)")
  (net 136 "Net-(CN10-Pad3)")
  (net 137 "Net-(CN10-Pad4)")
  (net 138 "Net-(CN10-Pad5)")
  (net 139 "Net-(CN3-Pad2)")
  (net 140 "Net-(CN3-Pad1)")
  (net 141 "Net-(D9-Pad1)")
  (net 142 "Net-(CN4-Pad1)")
  (net 143 "Net-(CN4-Pad2)")
  (net 144 "Net-(U2-Pad2)")
  (net 145 "Net-(U2-Pad3)")
  (net 146 "Net-(U2-Pad5)")
  (net 147 "Net-(CN1-Pad3)")
  (net 148 "Net-(JP6-Pad1)")
  (net 149 "Net-(JP1-Pad2)")
  (net 150 "Net-(R50-Pad1)")
  (net 151 "Net-(R24-Pad1)")
  (net 152 "Net-(R51-Pad1)")
  (net 153 "Net-(R35-Pad1)")
  (net 154 "Net-(R52-Pad1)")
  (net 155 "Net-(R53-Pad1)")
  (net 156 "Net-(R54-Pad1)")
  (net 157 "Net-(R55-Pad1)")
  (net 158 "Net-(R36-Pad1)")
  (net 159 "Net-(R37-Pad1)")
  (net 160 "Net-(R38-Pad1)")
  (net 161 "Net-(R39-Pad1)")
  (net 162 "Net-(R45-Pad1)")
  (net 163 "Net-(R49-Pad1)")
  (net 164 "Net-(R34-Pad1)")
  (net 165 "Net-(R31-Pad1)")
  (net 166 "Net-(R30-Pad1)")
  (net 167 "Net-(R29-Pad1)")
  (net 168 "Net-(R28-Pad1)")
  (net 169 "Net-(R27-Pad1)")
  (net 170 "Net-(R26-Pad1)")
  (net 171 "Net-(R25-Pad1)")
  (net 172 "Net-(R48-Pad1)")
  (net 173 "Net-(R47-Pad1)")
  (net 174 "Net-(R46-Pad1)")
  (net 175 "Net-(R44-Pad1)")
  (net 176 "Net-(R32-Pad1)")
  (net 177 "Net-(R22-Pad1)")
  (net 178 "Net-(R23-Pad1)")
  (net 179 "Net-(R43-Pad1)")
  (net 180 "Net-(R40-Pad1)")
  (net 181 "Net-(R41-Pad1)")
  (net 182 "Net-(R42-Pad1)")
  (net 183 "Net-(R16-Pad1)")
  (net 184 "Net-(R17-Pad1)")
  (net 185 "Net-(R18-Pad1)")
  (net 186 "Net-(R19-Pad1)")
  (net 187 "Net-(R20-Pad1)")
  (net 188 "Net-(R21-Pad1)")
  (net 189 "Net-(R33-Pad1)")

  (net_class Default "This is the default net class."
    (clearance 0.2)
    (trace_width 0.25)
    (via_dia 0.8)
    (via_drill 0.4)
    (uvia_dia 0.3)
    (uvia_drill 0.1)
    (add_net /B00T0)
    (add_net /DB_BLUE)
    (add_net /DB_GREEN)
    (add_net /DB_ORANGE)
    (add_net /DB_RED)
    (add_net /DB_SYNC_0)
    (add_net /DB_SYNC_1)
    (add_net /I2C_SCL)
    (add_net /I2C_SDA)
    (add_net /MEM_WP)
    (add_net /NRST)
    (add_net /PA0)
    (add_net /PA1)
    (add_net /PA10)
    (add_net /PA13)
    (add_net /PA14)
    (add_net /PA15)
    (add_net /PA2)
    (add_net /PA3)
    (add_net /PA4)
    (add_net /PA5)
    (add_net /PA6)
    (add_net /PA7)
    (add_net /PA8)
    (add_net /PA9)
    (add_net /PB0)
    (add_net /PB1)
    (add_net /PB10)
    (add_net /PB11)
    (add_net /PB12)
    (add_net /PB13)
    (add_net /PB14)
    (add_net /PB15)
    (add_net /PB2)
    (add_net /PB3)
    (add_net /PB4)
    (add_net /PB5)
    (add_net /PB6)
    (add_net /PB7)
    (add_net /PB8)
    (add_net /PB9)
    (add_net /PC0)
    (add_net /PC1)
    (add_net /PC10)
    (add_net /PC11)
    (add_net /PC12)
    (add_net /PC13)
    (add_net /PC14)
    (add_net /PC15)
    (add_net /PC2)
    (add_net /PC3)
    (add_net /PC4)
    (add_net /PC5)
    (add_net /PC8)
    (add_net /PD10)
    (add_net /PD11)
    (add_net /PD2)
    (add_net /PD3)
    (add_net /PD4)
    (add_net /PD5)
    (add_net /PD6)
    (add_net /PD7)
    (add_net /PD8)
    (add_net /PD9)
    (add_net /PE0)
    (add_net /PE1)
    (add_net /PE10)
    (add_net /PE11)
    (add_net /PE12)
    (add_net /PE13)
    (add_net /PE14)
    (add_net /PE15)
    (add_net /PE2)
    (add_net /PE3)
    (add_net /PE4)
    (add_net /PE5)
    (add_net /PE6)
    (add_net /PE7)
    (add_net /PE8)
    (add_net /PE9)
    (add_net /PH0)
    (add_net /PH1)
    (add_net "Net-(C1-Pad1)")
    (add_net "Net-(CN1-Pad3)")
    (add_net "Net-(CN10-Pad2)")
    (add_net "Net-(CN10-Pad3)")
    (add_net "Net-(CN10-Pad4)")
    (add_net "Net-(CN10-Pad5)")
    (add_net "Net-(CN11-Pad2)")
    (add_net "Net-(CN11-Pad3)")
    (add_net "Net-(CN11-Pad4)")
    (add_net "Net-(CN11-Pad5)")
    (add_net "Net-(CN12-Pad2)")
    (add_net "Net-(CN12-Pad3)")
    (add_net "Net-(CN12-Pad4)")
    (add_net "Net-(CN12-Pad5)")
    (add_net "Net-(CN13-Pad2)")
    (add_net "Net-(CN13-Pad3)")
    (add_net "Net-(CN13-Pad4)")
    (add_net "Net-(CN13-Pad5)")
    (add_net "Net-(CN14-Pad1)")
    (add_net "Net-(CN14-Pad2)")
    (add_net "Net-(CN14-Pad3)")
    (add_net "Net-(CN14-Pad4)")
    (add_net "Net-(CN14-Pad5)")
    (add_net "Net-(CN14-Pad6)")
    (add_net "Net-(CN14-Pad7)")
    (add_net "Net-(CN14-Pad8)")
    (add_net "Net-(CN15-Pad1)")
    (add_net "Net-(CN15-Pad2)")
    (add_net "Net-(CN15-Pad3)")
    (add_net "Net-(CN15-Pad4)")
    (add_net "Net-(CN15-Pad5)")
    (add_net "Net-(CN15-Pad6)")
    (add_net "Net-(CN15-Pad7)")
    (add_net "Net-(CN15-Pad8)")
    (add_net "Net-(CN16-Pad1)")
    (add_net "Net-(CN16-Pad2)")
    (add_net "Net-(CN16-Pad3)")
    (add_net "Net-(CN16-Pad4)")
    (add_net "Net-(CN16-Pad5)")
    (add_net "Net-(CN16-Pad6)")
    (add_net "Net-(CN16-Pad7)")
    (add_net "Net-(CN16-Pad8)")
    (add_net "Net-(CN3-Pad1)")
    (add_net "Net-(CN3-Pad2)")
    (add_net "Net-(CN4-Pad1)")
    (add_net "Net-(CN4-Pad2)")
    (add_net "Net-(D1-Pad1)")
    (add_net "Net-(D2-Pad2)")
    (add_net "Net-(D4-Pad1)")
    (add_net "Net-(D5-Pad1)")
    (add_net "Net-(D7-Pad1)")
    (add_net "Net-(D8-Pad1)")
    (add_net "Net-(D9-Pad1)")
    (add_net "Net-(JP1-Pad2)")
    (add_net "Net-(JP6-Pad1)")
    (add_net "Net-(P1-Pad48)")
    (add_net "Net-(R15-Pad1)")
    (add_net "Net-(R16-Pad1)")
    (add_net "Net-(R17-Pad1)")
    (add_net "Net-(R18-Pad1)")
    (add_net "Net-(R19-Pad1)")
    (add_net "Net-(R20-Pad1)")
    (add_net "Net-(R21-Pad1)")
    (add_net "Net-(R22-Pad1)")
    (add_net "Net-(R23-Pad1)")
    (add_net "Net-(R24-Pad1)")
    (add_net "Net-(R25-Pad1)")
    (add_net "Net-(R26-Pad1)")
    (add_net "Net-(R27-Pad1)")
    (add_net "Net-(R28-Pad1)")
    (add_net "Net-(R29-Pad1)")
    (add_net "Net-(R30-Pad1)")
    (add_net "Net-(R31-Pad1)")
    (add_net "Net-(R32-Pad1)")
    (add_net "Net-(R33-Pad1)")
    (add_net "Net-(R34-Pad1)")
    (add_net "Net-(R35-Pad1)")
    (add_net "Net-(R36-Pad1)")
    (add_net "Net-(R37-Pad1)")
    (add_net "Net-(R38-Pad1)")
    (add_net "Net-(R39-Pad1)")
    (add_net "Net-(R40-Pad1)")
    (add_net "Net-(R41-Pad1)")
    (add_net "Net-(R42-Pad1)")
    (add_net "Net-(R43-Pad1)")
    (add_net "Net-(R44-Pad1)")
    (add_net "Net-(R45-Pad1)")
    (add_net "Net-(R46-Pad1)")
    (add_net "Net-(R47-Pad1)")
    (add_net "Net-(R48-Pad1)")
    (add_net "Net-(R49-Pad1)")
    (add_net "Net-(R50-Pad1)")
    (add_net "Net-(R51-Pad1)")
    (add_net "Net-(R52-Pad1)")
    (add_net "Net-(R53-Pad1)")
    (add_net "Net-(R54-Pad1)")
    (add_net "Net-(R55-Pad1)")
    (add_net "Net-(U2-Pad2)")
    (add_net "Net-(U2-Pad3)")
    (add_net "Net-(U2-Pad5)")
  )

  (net_class "High Current" ""
    (clearance 0.2)
    (trace_width 1)
    (via_dia 0.8)
    (via_drill 0.4)
    (uvia_dia 0.3)
    (uvia_drill 0.1)
    (add_net "Net-(CN1-Pad1)")
    (add_net "Net-(D3-Pad1)")
    (add_net VDD)
  )

  (net_class "Line Drive Broadside" ""
    (clearance 0.2)
    (trace_width 0.5)
    (via_dia 0.8)
    (via_drill 0.4)
    (uvia_dia 0.3)
    (uvia_drill 0.1)
  )

  (net_class "Line Drive Microstrip" ""
    (clearance 0.2)
    (trace_width 0.5)
    (via_dia 0.8)
    (via_drill 0.4)
    (uvia_dia 0.3)
    (uvia_drill 0.1)
    (diff_pair_gap 0.15)
    (diff_pair_width 0.5)
  )

  (net_class Power ""
    (clearance 0.2)
    (trace_width 1)
    (via_dia 0.8)
    (via_drill 0.4)
    (uvia_dia 0.3)
    (uvia_drill 0.1)
    (add_net +3V)
    (add_net +5V)
    (add_net /MEM_PWR)
    (add_net GND)
  )

  (module TestPoint:TestPoint_THTPad_D1.0mm_Drill0.5mm (layer F.Cu) (tedit 5A0F774F) (tstamp 5CC12590)
    (at 111.76 134.62)
    (descr "THT pad as test Point, diameter 1.0mm, hole diameter 0.5mm")
    (tags "test point THT pad")
    (path /5DBBFECD)
    (attr virtual)
    (fp_text reference TP21 (at 0 -1.448) (layer F.SilkS)
      (effects (font (size 1 1) (thickness 0.15)))
    )
    (fp_text value TestPoint (at 0 1.55) (layer F.Fab)
      (effects (font (size 1 1) (thickness 0.15)))
    )
    (fp_text user %R (at 0 -1.45) (layer F.Fab)
      (effects (font (size 1 1) (thickness 0.15)))
    )
    (fp_circle (center 0 0) (end 1 0) (layer F.CrtYd) (width 0.05))
    (fp_circle (center 0 0) (end 0 0.7) (layer F.SilkS) (width 0.12))
    (pad 1 thru_hole circle (at 0 0) (size 1 1) (drill 0.5) (layers *.Cu *.Mask)
      (net 34 +5V))
  )

  (module Connector_PinSocket_2.54mm:PinSocket_2x25_P2.54mm_Vertical (layer B.Cu) (tedit 5CBE44C4) (tstamp 5CBE931A)
    (at 96.52 60.96 180)
    (descr "Through hole straight socket strip, 2x25, 2.54mm pitch, double cols (from Kicad 4.0.7), script generated")
    (tags "Through hole socket strip THT 2x25 2.54mm double row")
    (path /5C8AE148)
    (fp_text reference P2 (at -1.27 2.77 180) (layer B.SilkS)
      (effects (font (size 1 1) (thickness 0.15)) (justify mirror))
    )
    (fp_text value Conn_02x25_Odd_Even (at -1.27 -63.73 180) (layer B.Fab)
      (effects (font (size 1 1) (thickness 0.15)) (justify mirror))
    )
    (fp_text user %R (at -1.27 -30.48 90) (layer B.Fab)
      (effects (font (size 1 1) (thickness 0.15)) (justify mirror))
    )
    (fp_line (start -4.34 -62.7) (end -4.34 1.8) (layer B.CrtYd) (width 0.05))
    (fp_line (start 1.76 -62.7) (end -4.34 -62.7) (layer B.CrtYd) (width 0.05))
    (fp_line (start 1.76 1.8) (end 1.76 -62.7) (layer B.CrtYd) (width 0.05))
    (fp_line (start -4.34 1.8) (end 1.76 1.8) (layer B.CrtYd) (width 0.05))
    (fp_line (start 0 1.33) (end 1.33 1.33) (layer B.SilkS) (width 0.12))
    (fp_line (start 1.33 1.33) (end 1.33 0) (layer B.SilkS) (width 0.12))
    (fp_line (start -1.27 1.33) (end -1.27 -1.27) (layer B.SilkS) (width 0.12))
    (fp_line (start -1.27 -1.27) (end 1.33 -1.27) (layer B.SilkS) (width 0.12))
    (fp_line (start 1.33 -1.27) (end 1.33 -62.29) (layer B.SilkS) (width 0.12))
    (fp_line (start -3.87 -62.29) (end 1.33 -62.29) (layer B.SilkS) (width 0.12))
    (fp_line (start -3.87 1.33) (end -3.87 -62.29) (layer B.SilkS) (width 0.12))
    (fp_line (start -3.87 1.33) (end -1.27 1.33) (layer B.SilkS) (width 0.12))
    (fp_line (start -3.81 -62.23) (end -3.81 1.27) (layer B.Fab) (width 0.1))
    (fp_line (start 1.27 -62.23) (end -3.81 -62.23) (layer B.Fab) (width 0.1))
    (fp_line (start 1.27 0.27) (end 1.27 -62.23) (layer B.Fab) (width 0.1))
    (fp_line (start 0.27 1.27) (end 1.27 0.27) (layer B.Fab) (width 0.1))
    (fp_line (start -3.81 1.27) (end 0.27 1.27) (layer B.Fab) (width 0.1))
    (pad 50 thru_hole oval (at -2.54 -60.96 180) (size 1.7 1.7) (drill 1) (layers *.Cu *.Mask)
      (net 1 GND))
    (pad 49 thru_hole oval (at 0 -60.96 180) (size 1.7 1.7) (drill 1) (layers *.Cu *.Mask)
      (net 1 GND))
    (pad 48 thru_hole oval (at -2.54 -58.42 180) (size 1.7 1.7) (drill 1) (layers *.Cu *.Mask)
      (net 57 /MEM_WP))
    (pad 47 thru_hole oval (at 0 -58.42 180) (size 1.7 1.7) (drill 1) (layers *.Cu *.Mask)
      (net 26 /MEM_PWR))
    (pad 46 thru_hole oval (at -2.54 -55.88 180) (size 1.7 1.7) (drill 1) (layers *.Cu *.Mask)
      (net 12 /I2C_SDA))
    (pad 45 thru_hole oval (at 0 -55.88 180) (size 1.7 1.7) (drill 1) (layers *.Cu *.Mask)
      (net 59 /PC8))
    (pad 44 thru_hole oval (at -2.54 -53.34 180) (size 1.7 1.7) (drill 1) (layers *.Cu *.Mask)
      (net 83 /PA9))
    (pad 43 thru_hole oval (at 0 -53.34 180) (size 1.7 1.7) (drill 1) (layers *.Cu *.Mask)
      (net 58 /PA8))
    (pad 42 thru_hole oval (at -2.54 -50.8 180) (size 1.7 1.7) (drill 1) (layers *.Cu *.Mask)
      (net 84 /PA13))
    (pad 41 thru_hole oval (at 0 -50.8 180) (size 1.7 1.7) (drill 1) (layers *.Cu *.Mask)
      (net 85 /PA10))
    (pad 40 thru_hole oval (at -2.54 -48.26 180) (size 1.7 1.7) (drill 1) (layers *.Cu *.Mask)
      (net 86 /PA15))
    (pad 39 thru_hole oval (at 0 -48.26 180) (size 1.7 1.7) (drill 1) (layers *.Cu *.Mask)
      (net 87 /PA14))
    (pad 38 thru_hole oval (at -2.54 -45.72 180) (size 1.7 1.7) (drill 1) (layers *.Cu *.Mask)
      (net 88 /PC11))
    (pad 37 thru_hole oval (at 0 -45.72 180) (size 1.7 1.7) (drill 1) (layers *.Cu *.Mask)
      (net 89 /PC10))
    (pad 36 thru_hole oval (at -2.54 -43.18 180) (size 1.7 1.7) (drill 1) (layers *.Cu *.Mask)
      (net 19 /DB_SYNC_0))
    (pad 35 thru_hole oval (at 0 -43.18 180) (size 1.7 1.7) (drill 1) (layers *.Cu *.Mask)
      (net 90 /PC12))
    (pad 34 thru_hole oval (at -2.54 -40.64 180) (size 1.7 1.7) (drill 1) (layers *.Cu *.Mask)
      (net 91 /PD2))
    (pad 33 thru_hole oval (at 0 -40.64 180) (size 1.7 1.7) (drill 1) (layers *.Cu *.Mask)
      (net 18 /DB_SYNC_1))
    (pad 32 thru_hole oval (at -2.54 -38.1 180) (size 1.7 1.7) (drill 1) (layers *.Cu *.Mask)
      (net 92 /PD4))
    (pad 31 thru_hole oval (at 0 -38.1 180) (size 1.7 1.7) (drill 1) (layers *.Cu *.Mask)
      (net 93 /PD3))
    (pad 30 thru_hole oval (at -2.54 -35.56 180) (size 1.7 1.7) (drill 1) (layers *.Cu *.Mask)
      (net 94 /PD6))
    (pad 29 thru_hole oval (at 0 -35.56 180) (size 1.7 1.7) (drill 1) (layers *.Cu *.Mask)
      (net 95 /PD5))
    (pad 28 thru_hole oval (at -2.54 -33.02 180) (size 1.7 1.7) (drill 1) (layers *.Cu *.Mask)
      (net 96 /PB3))
    (pad 27 thru_hole oval (at 0 -33.02 180) (size 1.7 1.7) (drill 1) (layers *.Cu *.Mask)
      (net 97 /PD7))
    (pad 26 thru_hole oval (at -2.54 -30.48 180) (size 1.7 1.7) (drill 1) (layers *.Cu *.Mask)
      (net 98 /PB5))
    (pad 25 thru_hole oval (at 0 -30.48 180) (size 1.7 1.7) (drill 1) (layers *.Cu *.Mask)
      (net 99 /PB4))
    (pad 24 thru_hole oval (at -2.54 -27.94 180) (size 1.7 1.7) (drill 1) (layers *.Cu *.Mask)
      (net 100 /PB7))
    (pad 23 thru_hole oval (at 0 -27.94 180) (size 1.7 1.7) (drill 1) (layers *.Cu *.Mask)
      (net 101 /PB6))
    (pad 22 thru_hole oval (at -2.54 -25.4 180) (size 1.7 1.7) (drill 1) (layers *.Cu *.Mask)
      (net 15 VDD))
    (pad 21 thru_hole oval (at 0 -25.4 180) (size 1.7 1.7) (drill 1) (layers *.Cu *.Mask)
      (net 102 /B00T0))
    (pad 20 thru_hole oval (at -2.54 -22.86 180) (size 1.7 1.7) (drill 1) (layers *.Cu *.Mask)
      (net 50 /PB9))
    (pad 19 thru_hole oval (at 0 -22.86 180) (size 1.7 1.7) (drill 1) (layers *.Cu *.Mask)
      (net 49 /PB8))
    (pad 18 thru_hole oval (at -2.54 -20.32 180) (size 1.7 1.7) (drill 1) (layers *.Cu *.Mask)
      (net 54 /PE1))
    (pad 17 thru_hole oval (at 0 -20.32 180) (size 1.7 1.7) (drill 1) (layers *.Cu *.Mask)
      (net 53 /PE0))
    (pad 16 thru_hole oval (at -2.54 -17.78 180) (size 1.7 1.7) (drill 1) (layers *.Cu *.Mask)
      (net 51 /PE3))
    (pad 15 thru_hole oval (at 0 -17.78 180) (size 1.7 1.7) (drill 1) (layers *.Cu *.Mask)
      (net 52 /PE2))
    (pad 14 thru_hole oval (at -2.54 -15.24 180) (size 1.7 1.7) (drill 1) (layers *.Cu *.Mask)
      (net 47 /PE5))
    (pad 13 thru_hole oval (at 0 -15.24 180) (size 1.7 1.7) (drill 1) (layers *.Cu *.Mask)
      (net 48 /PE4))
    (pad 12 thru_hole oval (at -2.54 -12.7 180) (size 1.7 1.7) (drill 1) (layers *.Cu *.Mask)
      (net 103 /PC13))
    (pad 11 thru_hole oval (at 0 -12.7 180) (size 1.7 1.7) (drill 1) (layers *.Cu *.Mask)
      (net 45 /PE6))
    (pad 10 thru_hole oval (at -2.54 -10.16 180) (size 1.7 1.7) (drill 1) (layers *.Cu *.Mask)
      (net 104 /PC15))
    (pad 9 thru_hole oval (at 0 -10.16 180) (size 1.7 1.7) (drill 1) (layers *.Cu *.Mask)
      (net 105 /PC14))
    (pad 8 thru_hole oval (at -2.54 -7.62 180) (size 1.7 1.7) (drill 1) (layers *.Cu *.Mask)
      (net 106 /PH1))
    (pad 7 thru_hole oval (at 0 -7.62 180) (size 1.7 1.7) (drill 1) (layers *.Cu *.Mask)
      (net 107 /PH0))
    (pad 6 thru_hole oval (at -2.54 -5.08 180) (size 1.7 1.7) (drill 1) (layers *.Cu *.Mask)
      (net 36 +3V))
    (pad 5 thru_hole oval (at 0 -5.08 180) (size 1.7 1.7) (drill 1) (layers *.Cu *.Mask)
      (net 36 +3V))
    (pad 4 thru_hole oval (at -2.54 -2.54 180) (size 1.7 1.7) (drill 1) (layers *.Cu *.Mask)
      (net 148 "Net-(JP6-Pad1)"))
    (pad 3 thru_hole oval (at 0 -2.54 180) (size 1.7 1.7) (drill 1) (layers *.Cu *.Mask)
      (net 148 "Net-(JP6-Pad1)"))
    (pad 2 thru_hole oval (at -2.54 0 180) (size 1.7 1.7) (drill 1) (layers *.Cu *.Mask)
      (net 1 GND))
    (pad 1 thru_hole rect (at 0 0 180) (size 1.7 1.7) (drill 1) (layers *.Cu *.Mask)
      (net 1 GND))
    (model ${KISYS3DMOD}/Connector_PinSocket_2.54mm.3dshapes/PinSocket_2x25_P2.54mm_Vertical.wrl
      (at (xyz 0 0 0))
      (scale (xyz 1 1 1))
      (rotate (xyz 0 0 0))
    )
  )

  (module Package_TO_SOT_THT:TO-220-3_Vertical (layer F.Cu) (tedit 5AC8BA0D) (tstamp 5CC12701)
    (at 132.08 132.08 180)
    (descr "TO-220-3, Vertical, RM 2.54mm, see https://www.vishay.com/docs/66542/to-220-1.pdf")
    (tags "TO-220-3 Vertical RM 2.54mm")
    (path /5CC1CD06)
    (fp_text reference Q1 (at 2.54 -4.27 180) (layer F.SilkS)
      (effects (font (size 1 1) (thickness 0.15)))
    )
    (fp_text value TN1610H (at 2.54 2.5 180) (layer F.Fab)
      (effects (font (size 1 1) (thickness 0.15)))
    )
    (fp_line (start -2.46 -3.15) (end -2.46 1.25) (layer F.Fab) (width 0.1))
    (fp_line (start -2.46 1.25) (end 7.54 1.25) (layer F.Fab) (width 0.1))
    (fp_line (start 7.54 1.25) (end 7.54 -3.15) (layer F.Fab) (width 0.1))
    (fp_line (start 7.54 -3.15) (end -2.46 -3.15) (layer F.Fab) (width 0.1))
    (fp_line (start -2.46 -1.88) (end 7.54 -1.88) (layer F.Fab) (width 0.1))
    (fp_line (start 0.69 -3.15) (end 0.69 -1.88) (layer F.Fab) (width 0.1))
    (fp_line (start 4.39 -3.15) (end 4.39 -1.88) (layer F.Fab) (width 0.1))
    (fp_line (start -2.58 -3.27) (end 7.66 -3.27) (layer F.SilkS) (width 0.12))
    (fp_line (start -2.58 1.371) (end 7.66 1.371) (layer F.SilkS) (width 0.12))
    (fp_line (start -2.58 -3.27) (end -2.58 1.371) (layer F.SilkS) (width 0.12))
    (fp_line (start 7.66 -3.27) (end 7.66 1.371) (layer F.SilkS) (width 0.12))
    (fp_line (start -2.58 -1.76) (end 7.66 -1.76) (layer F.SilkS) (width 0.12))
    (fp_line (start 0.69 -3.27) (end 0.69 -1.76) (layer F.SilkS) (width 0.12))
    (fp_line (start 4.391 -3.27) (end 4.391 -1.76) (layer F.SilkS) (width 0.12))
    (fp_line (start -2.71 -3.4) (end -2.71 1.51) (layer F.CrtYd) (width 0.05))
    (fp_line (start -2.71 1.51) (end 7.79 1.51) (layer F.CrtYd) (width 0.05))
    (fp_line (start 7.79 1.51) (end 7.79 -3.4) (layer F.CrtYd) (width 0.05))
    (fp_line (start 7.79 -3.4) (end -2.71 -3.4) (layer F.CrtYd) (width 0.05))
    (fp_text user %R (at 2.54 -4.27 180) (layer F.Fab)
      (effects (font (size 1 1) (thickness 0.15)))
    )
    (pad 1 thru_hole rect (at 0 0 180) (size 1.905 2) (drill 1.1) (layers *.Cu *.Mask)
      (net 1 GND))
    (pad 2 thru_hole oval (at 2.54 0 180) (size 1.905 2) (drill 1.1) (layers *.Cu *.Mask)
      (net 33 "Net-(D3-Pad1)"))
    (pad 3 thru_hole oval (at 5.08 0 180) (size 1.905 2) (drill 1.1) (layers *.Cu *.Mask)
      (net 35 "Net-(D2-Pad2)"))
    (model ${KISYS3DMOD}/Package_TO_SOT_THT.3dshapes/TO-220-3_Vertical.wrl
      (at (xyz 0 0 0))
      (scale (xyz 1 1 1))
      (rotate (xyz 0 0 0))
    )
  )

  (module Resistor_SMD:R_0603_1608Metric (layer F.Cu) (tedit 5B301BBD) (tstamp 5CBF3E49)
    (at 78.994 60.198 90)
    (descr "Resistor SMD 0603 (1608 Metric), square (rectangular) end terminal, IPC_7351 nominal, (Body size source: http://www.tortai-tech.com/upload/download/2011102023233369053.pdf), generated with kicad-footprint-generator")
    (tags resistor)
    (path /5D109695)
    (attr smd)
    (fp_text reference R33 (at 0 -1.43 90) (layer F.SilkS)
      (effects (font (size 1 1) (thickness 0.15)))
    )
    (fp_text value 56 (at 0 1.43 90) (layer F.Fab)
      (effects (font (size 1 1) (thickness 0.15)))
    )
    (fp_text user %R (at 0 0 90) (layer F.Fab)
      (effects (font (size 0.4 0.4) (thickness 0.06)))
    )
    (fp_line (start 1.48 0.73) (end -1.48 0.73) (layer F.CrtYd) (width 0.05))
    (fp_line (start 1.48 -0.73) (end 1.48 0.73) (layer F.CrtYd) (width 0.05))
    (fp_line (start -1.48 -0.73) (end 1.48 -0.73) (layer F.CrtYd) (width 0.05))
    (fp_line (start -1.48 0.73) (end -1.48 -0.73) (layer F.CrtYd) (width 0.05))
    (fp_line (start -0.162779 0.51) (end 0.162779 0.51) (layer F.SilkS) (width 0.12))
    (fp_line (start -0.162779 -0.51) (end 0.162779 -0.51) (layer F.SilkS) (width 0.12))
    (fp_line (start 0.8 0.4) (end -0.8 0.4) (layer F.Fab) (width 0.1))
    (fp_line (start 0.8 -0.4) (end 0.8 0.4) (layer F.Fab) (width 0.1))
    (fp_line (start -0.8 -0.4) (end 0.8 -0.4) (layer F.Fab) (width 0.1))
    (fp_line (start -0.8 0.4) (end -0.8 -0.4) (layer F.Fab) (width 0.1))
    (pad 2 smd roundrect (at 0.7875 0 90) (size 0.875 0.95) (layers F.Cu F.Paste F.Mask) (roundrect_rratio 0.25)
      (net 7 "Net-(CN14-Pad3)"))
    (pad 1 smd roundrect (at -0.7875 0 90) (size 0.875 0.95) (layers F.Cu F.Paste F.Mask) (roundrect_rratio 0.25)
      (net 189 "Net-(R33-Pad1)"))
    (model ${KISYS3DMOD}/Resistor_SMD.3dshapes/R_0603_1608Metric.wrl
      (at (xyz 0 0 0))
      (scale (xyz 1 1 1))
      (rotate (xyz 0 0 0))
    )
  )

  (module Resistor_SMD:R_0603_1608Metric (layer F.Cu) (tedit 5B301BBD) (tstamp 5CBE0385)
    (at 79.248 80.4925 90)
    (descr "Resistor SMD 0603 (1608 Metric), square (rectangular) end terminal, IPC_7351 nominal, (Body size source: http://www.tortai-tech.com/upload/download/2011102023233369053.pdf), generated with kicad-footprint-generator")
    (tags resistor)
    (path /5CEF774A)
    (attr smd)
    (fp_text reference R21 (at 0 -1.43 90) (layer F.SilkS)
      (effects (font (size 1 1) (thickness 0.15)))
    )
    (fp_text value 56 (at 0 1.43 90) (layer F.Fab)
      (effects (font (size 1 1) (thickness 0.15)))
    )
    (fp_line (start -0.8 0.4) (end -0.8 -0.4) (layer F.Fab) (width 0.1))
    (fp_line (start -0.8 -0.4) (end 0.8 -0.4) (layer F.Fab) (width 0.1))
    (fp_line (start 0.8 -0.4) (end 0.8 0.4) (layer F.Fab) (width 0.1))
    (fp_line (start 0.8 0.4) (end -0.8 0.4) (layer F.Fab) (width 0.1))
    (fp_line (start -0.162779 -0.51) (end 0.162779 -0.51) (layer F.SilkS) (width 0.12))
    (fp_line (start -0.162779 0.51) (end 0.162779 0.51) (layer F.SilkS) (width 0.12))
    (fp_line (start -1.48 0.73) (end -1.48 -0.73) (layer F.CrtYd) (width 0.05))
    (fp_line (start -1.48 -0.73) (end 1.48 -0.73) (layer F.CrtYd) (width 0.05))
    (fp_line (start 1.48 -0.73) (end 1.48 0.73) (layer F.CrtYd) (width 0.05))
    (fp_line (start 1.48 0.73) (end -1.48 0.73) (layer F.CrtYd) (width 0.05))
    (fp_text user %R (at 0 0 90) (layer F.Fab)
      (effects (font (size 0.4 0.4) (thickness 0.06)))
    )
    (pad 1 smd roundrect (at -0.7875 0 90) (size 0.875 0.95) (layers F.Cu F.Paste F.Mask) (roundrect_rratio 0.25)
      (net 188 "Net-(R21-Pad1)"))
    (pad 2 smd roundrect (at 0.7875 0 90) (size 0.875 0.95) (layers F.Cu F.Paste F.Mask) (roundrect_rratio 0.25)
      (net 130 "Net-(CN12-Pad2)"))
    (model ${KISYS3DMOD}/Resistor_SMD.3dshapes/R_0603_1608Metric.wrl
      (at (xyz 0 0 0))
      (scale (xyz 1 1 1))
      (rotate (xyz 0 0 0))
    )
  )

  (module Resistor_SMD:R_0603_1608Metric (layer F.Cu) (tedit 5B301BBD) (tstamp 5CBE0374)
    (at 84.836 80.4925 90)
    (descr "Resistor SMD 0603 (1608 Metric), square (rectangular) end terminal, IPC_7351 nominal, (Body size source: http://www.tortai-tech.com/upload/download/2011102023233369053.pdf), generated with kicad-footprint-generator")
    (tags resistor)
    (path /5CEF773A)
    (attr smd)
    (fp_text reference R20 (at 0 -1.43 90) (layer F.SilkS)
      (effects (font (size 1 1) (thickness 0.15)))
    )
    (fp_text value 56 (at 0 1.43 90) (layer F.Fab)
      (effects (font (size 1 1) (thickness 0.15)))
    )
    (fp_text user %R (at 0 0 90) (layer F.Fab)
      (effects (font (size 0.4 0.4) (thickness 0.06)))
    )
    (fp_line (start 1.48 0.73) (end -1.48 0.73) (layer F.CrtYd) (width 0.05))
    (fp_line (start 1.48 -0.73) (end 1.48 0.73) (layer F.CrtYd) (width 0.05))
    (fp_line (start -1.48 -0.73) (end 1.48 -0.73) (layer F.CrtYd) (width 0.05))
    (fp_line (start -1.48 0.73) (end -1.48 -0.73) (layer F.CrtYd) (width 0.05))
    (fp_line (start -0.162779 0.51) (end 0.162779 0.51) (layer F.SilkS) (width 0.12))
    (fp_line (start -0.162779 -0.51) (end 0.162779 -0.51) (layer F.SilkS) (width 0.12))
    (fp_line (start 0.8 0.4) (end -0.8 0.4) (layer F.Fab) (width 0.1))
    (fp_line (start 0.8 -0.4) (end 0.8 0.4) (layer F.Fab) (width 0.1))
    (fp_line (start -0.8 -0.4) (end 0.8 -0.4) (layer F.Fab) (width 0.1))
    (fp_line (start -0.8 0.4) (end -0.8 -0.4) (layer F.Fab) (width 0.1))
    (pad 2 smd roundrect (at 0.7875 0 90) (size 0.875 0.95) (layers F.Cu F.Paste F.Mask) (roundrect_rratio 0.25)
      (net 9 "Net-(CN12-Pad3)"))
    (pad 1 smd roundrect (at -0.7875 0 90) (size 0.875 0.95) (layers F.Cu F.Paste F.Mask) (roundrect_rratio 0.25)
      (net 187 "Net-(R20-Pad1)"))
    (model ${KISYS3DMOD}/Resistor_SMD.3dshapes/R_0603_1608Metric.wrl
      (at (xyz 0 0 0))
      (scale (xyz 1 1 1))
      (rotate (xyz 0 0 0))
    )
  )

  (module Resistor_SMD:R_0603_1608Metric (layer F.Cu) (tedit 5B301BBD) (tstamp 5CBE0363)
    (at 31.496 112.2935 270)
    (descr "Resistor SMD 0603 (1608 Metric), square (rectangular) end terminal, IPC_7351 nominal, (Body size source: http://www.tortai-tech.com/upload/download/2011102023233369053.pdf), generated with kicad-footprint-generator")
    (tags resistor)
    (path /5CD0D8DF)
    (attr smd)
    (fp_text reference R19 (at 0 -1.43 270) (layer F.SilkS)
      (effects (font (size 1 1) (thickness 0.15)))
    )
    (fp_text value 56 (at 0 1.43 270) (layer F.Fab)
      (effects (font (size 1 1) (thickness 0.15)))
    )
    (fp_line (start -0.8 0.4) (end -0.8 -0.4) (layer F.Fab) (width 0.1))
    (fp_line (start -0.8 -0.4) (end 0.8 -0.4) (layer F.Fab) (width 0.1))
    (fp_line (start 0.8 -0.4) (end 0.8 0.4) (layer F.Fab) (width 0.1))
    (fp_line (start 0.8 0.4) (end -0.8 0.4) (layer F.Fab) (width 0.1))
    (fp_line (start -0.162779 -0.51) (end 0.162779 -0.51) (layer F.SilkS) (width 0.12))
    (fp_line (start -0.162779 0.51) (end 0.162779 0.51) (layer F.SilkS) (width 0.12))
    (fp_line (start -1.48 0.73) (end -1.48 -0.73) (layer F.CrtYd) (width 0.05))
    (fp_line (start -1.48 -0.73) (end 1.48 -0.73) (layer F.CrtYd) (width 0.05))
    (fp_line (start 1.48 -0.73) (end 1.48 0.73) (layer F.CrtYd) (width 0.05))
    (fp_line (start 1.48 0.73) (end -1.48 0.73) (layer F.CrtYd) (width 0.05))
    (fp_text user %R (at 0 0 270) (layer F.Fab)
      (effects (font (size 0.4 0.4) (thickness 0.06)))
    )
    (pad 1 smd roundrect (at -0.7875 0 270) (size 0.875 0.95) (layers F.Cu F.Paste F.Mask) (roundrect_rratio 0.25)
      (net 186 "Net-(R19-Pad1)"))
    (pad 2 smd roundrect (at 0.7875 0 270) (size 0.875 0.95) (layers F.Cu F.Paste F.Mask) (roundrect_rratio 0.25)
      (net 135 "Net-(CN11-Pad2)"))
    (model ${KISYS3DMOD}/Resistor_SMD.3dshapes/R_0603_1608Metric.wrl
      (at (xyz 0 0 0))
      (scale (xyz 1 1 1))
      (rotate (xyz 0 0 0))
    )
  )

  (module Resistor_SMD:R_0603_1608Metric (layer F.Cu) (tedit 5B301BBD) (tstamp 5CBE0352)
    (at 25.908 112.2935 270)
    (descr "Resistor SMD 0603 (1608 Metric), square (rectangular) end terminal, IPC_7351 nominal, (Body size source: http://www.tortai-tech.com/upload/download/2011102023233369053.pdf), generated with kicad-footprint-generator")
    (tags resistor)
    (path /5CD0D6E5)
    (attr smd)
    (fp_text reference R18 (at 0 -1.43 270) (layer F.SilkS)
      (effects (font (size 1 1) (thickness 0.15)))
    )
    (fp_text value 56 (at 0 1.43 270) (layer F.Fab)
      (effects (font (size 1 1) (thickness 0.15)))
    )
    (fp_text user %R (at 0 0 270) (layer F.Fab)
      (effects (font (size 0.4 0.4) (thickness 0.06)))
    )
    (fp_line (start 1.48 0.73) (end -1.48 0.73) (layer F.CrtYd) (width 0.05))
    (fp_line (start 1.48 -0.73) (end 1.48 0.73) (layer F.CrtYd) (width 0.05))
    (fp_line (start -1.48 -0.73) (end 1.48 -0.73) (layer F.CrtYd) (width 0.05))
    (fp_line (start -1.48 0.73) (end -1.48 -0.73) (layer F.CrtYd) (width 0.05))
    (fp_line (start -0.162779 0.51) (end 0.162779 0.51) (layer F.SilkS) (width 0.12))
    (fp_line (start -0.162779 -0.51) (end 0.162779 -0.51) (layer F.SilkS) (width 0.12))
    (fp_line (start 0.8 0.4) (end -0.8 0.4) (layer F.Fab) (width 0.1))
    (fp_line (start 0.8 -0.4) (end 0.8 0.4) (layer F.Fab) (width 0.1))
    (fp_line (start -0.8 -0.4) (end 0.8 -0.4) (layer F.Fab) (width 0.1))
    (fp_line (start -0.8 0.4) (end -0.8 -0.4) (layer F.Fab) (width 0.1))
    (pad 2 smd roundrect (at 0.7875 0 270) (size 0.875 0.95) (layers F.Cu F.Paste F.Mask) (roundrect_rratio 0.25)
      (net 8 "Net-(CN11-Pad3)"))
    (pad 1 smd roundrect (at -0.7875 0 270) (size 0.875 0.95) (layers F.Cu F.Paste F.Mask) (roundrect_rratio 0.25)
      (net 185 "Net-(R18-Pad1)"))
    (model ${KISYS3DMOD}/Resistor_SMD.3dshapes/R_0603_1608Metric.wrl
      (at (xyz 0 0 0))
      (scale (xyz 1 1 1))
      (rotate (xyz 0 0 0))
    )
  )

  (module Resistor_SMD:R_0603_1608Metric (layer F.Cu) (tedit 5B301BBD) (tstamp 5CBE0341)
    (at 26.67 100.584 90)
    (descr "Resistor SMD 0603 (1608 Metric), square (rectangular) end terminal, IPC_7351 nominal, (Body size source: http://www.tortai-tech.com/upload/download/2011102023233369053.pdf), generated with kicad-footprint-generator")
    (tags resistor)
    (path /5CD0D4A3)
    (attr smd)
    (fp_text reference R17 (at 0 -1.43 90) (layer F.SilkS)
      (effects (font (size 1 1) (thickness 0.15)))
    )
    (fp_text value 56 (at 0 1.43 90) (layer F.Fab)
      (effects (font (size 1 1) (thickness 0.15)))
    )
    (fp_line (start -0.8 0.4) (end -0.8 -0.4) (layer F.Fab) (width 0.1))
    (fp_line (start -0.8 -0.4) (end 0.8 -0.4) (layer F.Fab) (width 0.1))
    (fp_line (start 0.8 -0.4) (end 0.8 0.4) (layer F.Fab) (width 0.1))
    (fp_line (start 0.8 0.4) (end -0.8 0.4) (layer F.Fab) (width 0.1))
    (fp_line (start -0.162779 -0.51) (end 0.162779 -0.51) (layer F.SilkS) (width 0.12))
    (fp_line (start -0.162779 0.51) (end 0.162779 0.51) (layer F.SilkS) (width 0.12))
    (fp_line (start -1.48 0.73) (end -1.48 -0.73) (layer F.CrtYd) (width 0.05))
    (fp_line (start -1.48 -0.73) (end 1.48 -0.73) (layer F.CrtYd) (width 0.05))
    (fp_line (start 1.48 -0.73) (end 1.48 0.73) (layer F.CrtYd) (width 0.05))
    (fp_line (start 1.48 0.73) (end -1.48 0.73) (layer F.CrtYd) (width 0.05))
    (fp_text user %R (at 0 0 90) (layer F.Fab)
      (effects (font (size 0.4 0.4) (thickness 0.06)))
    )
    (pad 1 smd roundrect (at -0.7875 0 90) (size 0.875 0.95) (layers F.Cu F.Paste F.Mask) (roundrect_rratio 0.25)
      (net 184 "Net-(R17-Pad1)"))
    (pad 2 smd roundrect (at 0.7875 0 90) (size 0.875 0.95) (layers F.Cu F.Paste F.Mask) (roundrect_rratio 0.25)
      (net 30 "Net-(CN10-Pad2)"))
    (model ${KISYS3DMOD}/Resistor_SMD.3dshapes/R_0603_1608Metric.wrl
      (at (xyz 0 0 0))
      (scale (xyz 1 1 1))
      (rotate (xyz 0 0 0))
    )
  )

  (module Resistor_SMD:R_0603_1608Metric (layer F.Cu) (tedit 5B301BBD) (tstamp 5CBE173B)
    (at 32.766 100.6095 90)
    (descr "Resistor SMD 0603 (1608 Metric), square (rectangular) end terminal, IPC_7351 nominal, (Body size source: http://www.tortai-tech.com/upload/download/2011102023233369053.pdf), generated with kicad-footprint-generator")
    (tags resistor)
    (path /5CC68EB6)
    (attr smd)
    (fp_text reference R16 (at 0 -1.43 90) (layer F.SilkS)
      (effects (font (size 1 1) (thickness 0.15)))
    )
    (fp_text value 56 (at 0 1.43 90) (layer F.Fab)
      (effects (font (size 1 1) (thickness 0.15)))
    )
    (fp_text user %R (at 0 0 90) (layer F.Fab)
      (effects (font (size 0.4 0.4) (thickness 0.06)))
    )
    (fp_line (start 1.48 0.73) (end -1.48 0.73) (layer F.CrtYd) (width 0.05))
    (fp_line (start 1.48 -0.73) (end 1.48 0.73) (layer F.CrtYd) (width 0.05))
    (fp_line (start -1.48 -0.73) (end 1.48 -0.73) (layer F.CrtYd) (width 0.05))
    (fp_line (start -1.48 0.73) (end -1.48 -0.73) (layer F.CrtYd) (width 0.05))
    (fp_line (start -0.162779 0.51) (end 0.162779 0.51) (layer F.SilkS) (width 0.12))
    (fp_line (start -0.162779 -0.51) (end 0.162779 -0.51) (layer F.SilkS) (width 0.12))
    (fp_line (start 0.8 0.4) (end -0.8 0.4) (layer F.Fab) (width 0.1))
    (fp_line (start 0.8 -0.4) (end 0.8 0.4) (layer F.Fab) (width 0.1))
    (fp_line (start -0.8 -0.4) (end 0.8 -0.4) (layer F.Fab) (width 0.1))
    (fp_line (start -0.8 0.4) (end -0.8 -0.4) (layer F.Fab) (width 0.1))
    (pad 2 smd roundrect (at 0.7875 0 90) (size 0.875 0.95) (layers F.Cu F.Paste F.Mask) (roundrect_rratio 0.25)
      (net 136 "Net-(CN10-Pad3)"))
    (pad 1 smd roundrect (at -0.7875 0 90) (size 0.875 0.95) (layers F.Cu F.Paste F.Mask) (roundrect_rratio 0.25)
      (net 183 "Net-(R16-Pad1)"))
    (model ${KISYS3DMOD}/Resistor_SMD.3dshapes/R_0603_1608Metric.wrl
      (at (xyz 0 0 0))
      (scale (xyz 1 1 1))
      (rotate (xyz 0 0 0))
    )
  )

  (module Resistor_SMD:R_0603_1608Metric (layer F.Cu) (tedit 5B301BBD) (tstamp 5CBE025F)
    (at 57.658 99.822 270)
    (descr "Resistor SMD 0603 (1608 Metric), square (rectangular) end terminal, IPC_7351 nominal, (Body size source: http://www.tortai-tech.com/upload/download/2011102023233369053.pdf), generated with kicad-footprint-generator")
    (tags resistor)
    (path /5D7FE053)
    (attr smd)
    (fp_text reference R42 (at 0 -1.43 270) (layer F.SilkS)
      (effects (font (size 1 1) (thickness 0.15)))
    )
    (fp_text value 56 (at 0 1.43 270) (layer F.Fab)
      (effects (font (size 1 1) (thickness 0.15)))
    )
    (fp_line (start -0.8 0.4) (end -0.8 -0.4) (layer F.Fab) (width 0.1))
    (fp_line (start -0.8 -0.4) (end 0.8 -0.4) (layer F.Fab) (width 0.1))
    (fp_line (start 0.8 -0.4) (end 0.8 0.4) (layer F.Fab) (width 0.1))
    (fp_line (start 0.8 0.4) (end -0.8 0.4) (layer F.Fab) (width 0.1))
    (fp_line (start -0.162779 -0.51) (end 0.162779 -0.51) (layer F.SilkS) (width 0.12))
    (fp_line (start -0.162779 0.51) (end 0.162779 0.51) (layer F.SilkS) (width 0.12))
    (fp_line (start -1.48 0.73) (end -1.48 -0.73) (layer F.CrtYd) (width 0.05))
    (fp_line (start -1.48 -0.73) (end 1.48 -0.73) (layer F.CrtYd) (width 0.05))
    (fp_line (start 1.48 -0.73) (end 1.48 0.73) (layer F.CrtYd) (width 0.05))
    (fp_line (start 1.48 0.73) (end -1.48 0.73) (layer F.CrtYd) (width 0.05))
    (fp_text user %R (at 0 0 270) (layer F.Fab)
      (effects (font (size 0.4 0.4) (thickness 0.06)))
    )
    (pad 1 smd roundrect (at -0.7875 0 270) (size 0.875 0.95) (layers F.Cu F.Paste F.Mask) (roundrect_rratio 0.25)
      (net 182 "Net-(R42-Pad1)"))
    (pad 2 smd roundrect (at 0.7875 0 270) (size 0.875 0.95) (layers F.Cu F.Paste F.Mask) (roundrect_rratio 0.25)
      (net 124 "Net-(CN16-Pad5)"))
    (model ${KISYS3DMOD}/Resistor_SMD.3dshapes/R_0603_1608Metric.wrl
      (at (xyz 0 0 0))
      (scale (xyz 1 1 1))
      (rotate (xyz 0 0 0))
    )
  )

  (module Resistor_SMD:R_0603_1608Metric (layer F.Cu) (tedit 5B301BBD) (tstamp 5CBE024E)
    (at 58.674 88.1125 90)
    (descr "Resistor SMD 0603 (1608 Metric), square (rectangular) end terminal, IPC_7351 nominal, (Body size source: http://www.tortai-tech.com/upload/download/2011102023233369053.pdf), generated with kicad-footprint-generator")
    (tags resistor)
    (path /5D7FE045)
    (attr smd)
    (fp_text reference R41 (at 0 -1.43 90) (layer F.SilkS)
      (effects (font (size 1 1) (thickness 0.15)))
    )
